0,278
0,273
0,270
55,4
55,3
55,2
55,1
55,0
54,3
54,2
0,9
54,1
54,0
27,1
27,3
3,2
3,1
3,3
10,137
10,171
10,253
10,251
10,85
10,311
10,69
10,1
10,307
10,2
10,3
11,29
11,23
11,19
11,17
11,30
11,4
11,7
11,1
11,12
11,2
11,3
9,7
9,1
9,5
9,2
9,3
8,9
8,6
8,12
8,10
8,13
8,7
8,1
8,11
8,2
8,3
12,2
12,1
12,3
20,2
20,1
20,3
19,2
19,1
19,3
52,4
52,3
52,2
52,1
52,0
51,4
51,3
51,2
51,1
51,0
47,4
47,3
47,2
47,1
18,1
47,0
46,4
46,3
46,2
46,1
18,3
46,0
44,5
14,3
44,4
44,3
13,1
44,2
44,1
13,3
44,0
41,5
41,4
41,3
41,2
41,1
41,0
39,5
39,4
